           0           1          90
 
           0           2           1
 
           0           3          10
 
           0           4           9
 
           1           1          91
 
           1           2           2
 
           1           3          11
 
           1           4           0
 
           2           1          92
 
           2           2           3
 
           2           3          12
 
           2           4           1
 
           3           1          93
 
           3           2           4
 
           3           3          13
 
           3           4           2
 
           4           1          94
 
           4           2           5
 
           4           3          14
 
           4           4           3
 
           5           1          95
 
           5           2           6
 
           5           3          15
 
           5           4           4
 
           6           1          96
 
           6           2           7
 
           6           3          16
 
           6           4           5
 
           7           1          97
 
           7           2           8
 
           7           3          17
 
           7           4           6
 
           8           1          98
 
           8           2           9
 
           8           3          18
 
           8           4           7
 
           9           1          99
 
           9           2           0
 
           9           3          19
 
           9           4           8
 
          10           1           0
 
          10           2          11
 
          10           3          20
 
          10           4          19
 
          11           1           1
 
          11           2          12
 
          11           3          21
 
          11           4          10
 
          12           1           2
 
          12           2          13
 
          12           3          22
 
          12           4          11
 
          13           1           3
 
          13           2          14
 
          13           3          23
 
          13           4          12
 
          14           1           4
 
          14           2          15
 
          14           3          24
 
          14           4          13
 
          15           1           5
 
          15           2          16
 
          15           3          25
 
          15           4          14
 
          16           1           6
 
          16           2          17
 
          16           3          26
 
          16           4          15
 
          17           1           7
 
          17           2          18
 
          17           3          27
 
          17           4          16
 
          18           1           8
 
          18           2          19
 
          18           3          28
 
          18           4          17
 
          19           1           9
 
          19           2          10
 
          19           3          29
 
          19           4          18
 
          20           1          10
 
          20           2          21
 
          20           3          30
 
          20           4          29
 
          21           1          11
 
          21           2          22
 
          21           3          31
 
          21           4          20
 
          22           1          12
 
          22           2          23
 
          22           3          32
 
          22           4          21
 
          23           1          13
 
          23           2          24
 
          23           3          33
 
          23           4          22
 
          24           1          14
 
          24           2          25
 
          24           3          34
 
          24           4          23
 
          25           1          15
 
          25           2          26
 
          25           3          35
 
          25           4          24
 
          26           1          16
 
          26           2          27
 
          26           3          36
 
          26           4          25
 
          27           1          17
 
          27           2          28
 
          27           3          37
 
          27           4          26
 
          28           1          18
 
          28           2          29
 
          28           3          38
 
          28           4          27
 
          29           1          19
 
          29           2          20
 
          29           3          39
 
          29           4          28
 
          30           1          20
 
          30           2          31
 
          30           3          40
 
          30           4          39
 
          31           1          21
 
          31           2          32
 
          31           3          41
 
          31           4          30
 
          32           1          22
 
          32           2          33
 
          32           3          42
 
          32           4          31
 
          33           1          23
 
          33           2          34
 
          33           3          43
 
          33           4          32
 
          34           1          24
 
          34           2          35
 
          34           3          44
 
          34           4          33
 
          35           1          25
 
          35           2          36
 
          35           3          45
 
          35           4          34
 
          36           1          26
 
          36           2          37
 
          36           3          46
 
          36           4          35
 
          37           1          27
 
          37           2          38
 
          37           3          47
 
          37           4          36
 
          38           1          28
 
          38           2          39
 
          38           3          48
 
          38           4          37
 
          39           1          29
 
          39           2          30
 
          39           3          49
 
          39           4          38
 
          40           1          30
 
          40           2          41
 
          40           3          50
 
          40           4          49
 
          41           1          31
 
          41           2          42
 
          41           3          51
 
          41           4          40
 
          42           1          32
 
          42           2          43
 
          42           3          52
 
          42           4          41
 
          43           1          33
 
          43           2          44
 
          43           3          53
 
          43           4          42
 
          44           1          34
 
          44           2          45
 
          44           3          54
 
          44           4          43
 
          45           1          35
 
          45           2          46
 
          45           3          55
 
          45           4          44
 
          46           1          36
 
          46           2          47
 
          46           3          56
 
          46           4          45
 
          47           1          37
 
          47           2          48
 
          47           3          57
 
          47           4          46
 
          48           1          38
 
          48           2          49
 
          48           3          58
 
          48           4          47
 
          49           1          39
 
          49           2          40
 
          49           3          59
 
          49           4          48
 
          50           1          40
 
          50           2          51
 
          50           3          60
 
          50           4          59
 
          51           1          41
 
          51           2          52
 
          51           3          61
 
          51           4          50
 
          52           1          42
 
          52           2          53
 
